63,52
63,51
63,50
63,49
63,48
63,47
63,46
63,45
63,44
63,43
63,42
63,41
63,40
63,39
63,38
63,37
63,36
63,35
32,1
32,3
38,3
30,1
30,3
37,3
36,1
36,3
34,1
34,3
35,3
33,1
33,3
0,273
0,270
10,278
10,28
10,142
10,112
10,106
10,12
10,126
10,292
10,2
10,3
11,14
11,4
11,9
9,7
9,4
9,6
9,2
9,3
8,16
8,14
61,4
61,3
8,17
61,2
61,1
61,0
57,3
57,2
57,1
57,0
56,5
56,4
56,3
56,2
56,1
56,0
55,3
55,2
55,1
55,0
54,3
54,2
54,1
54,0
53,3
53,2
53,1
51,3
51,1
38,4
38,1
37,4
37,1
35,4
35,1
31,4
31,1
26,3
26,1
20,3
20,2
20,1
19,3
19,2
19,1
16,2
15,3
15,2
15,1
14,2
13,2
